Notice the blanks.  Looks like tab delimited and the blanks are not blanks - cause by extra digits that shift the tab to right


rs	FLFL04	FLFL08	FLFL08replicate	FLFL10	FLFL13	FLFL14	FLFL15	FLFL15replicate	FLFL16	FLFL17	FLFL17replicate	FLFL19	FLFL20	FLFL20replicate	FLFL21	FLFL23	FLFL26	FLFL28	FLFL28replicate	FLFL29	FLFL29replicate	FLFL30	HSPQ01	HSPQ01replicate	HSPQ01replicate2	HSPQ02	HSPQ02replicate	HSPQ02replicate2	HSPQ03	HSPQ04	HSPQ04replicate	HSPQ04replicate2	HSPQ06	HSPQ07	HSPQ08	HSPQ09	HSPQ09replicate	HSPQ10	HSPQ10replicate	HSPQ11	HSPQ12	HSPQ13	HSPQ14	HSPQ15	HSPQ16	HSPQ17	HSPQ18	HSPQ19	HSPQ21	HSPQ22	HSPQ22replicate	KFO1	KFO10	KFO11	KFO13	KFO16	KFO16replicate	KFO17	KFO17replicate	KFO1replicate	KFO2	KFO20	KFO20replicate	KFO3	KFO3replicate	KFO4	KFO4replicate	KFO5	KFO8	MI01	MI02	MI03	MI03replicate	MI03replicate2	MI04	MI05	MI06	MI06replicate	MI06replicate2	MI08	MI09	MI09replicate	MI09replicate2	MI10	MI11	MI12	MI12replicate	MI13	MI13replicate	MI14	MI15	MI16	MI16replicate	MI17	MI18	MI19	MI20	MI21	SFQ01	SFQ02	SFQ03	SFQ03replicate	SFQ05	SFQ05replicate	SFQ06	SFQ06replicate	SFQ07	SFQ08	SFQ08replicate	SFQ09	SFQ09replicate	SFQ10	SFQ10replicate	SFQ11	SFQ13	SFQ14	SFQ15	SFQ16	SFQ17	SFQ21	SFQ23	SFQ24	SFQ25	SFQ26	WWA01	WWA01replicate	WWA01replicate2	WWA03	WWA03replicate	WWA03replicate2	WWA04	WWA05	WWA05replicate	WWA05replicate2	WWA07	WWA08	WWA08replicate	WWA09	WWA10	WWA12	WWA17	WWA17replicate	WWA18	WWA21	WWA23	WWA24	WWA25	WWA25replicate	WWA26	WWA27	WWA28	WWA30	HetCount_allele1	HetCount_allele2	Count_allele1	Count_allele2	Frequency
TP1		0|0	0|0	0|0	0|0	0|0	0|0	0|0	0|0	0|0	0|0	0|0	0|0	0|0	0|0	1|0	0|0	0|0	0|0	0|0	0|0	0|0	0|0	0|0	0|0	0|0	0|0	0|0	0|0	0|0	0|2	0|1	0|0	0|0	0|1	0|0	1|0	0|0	0|0	0|0	0|0	0|1	0|0	0|0	0|0	0|0	0|0	0|0	0|0	0|0	0|0	0|0	0|0	0|0	0|0	0|0	0|0	0|0	0|0	0|0	0|0	0|0	0|0	0|0	0|0	0|0	0|0	0|0	0|0	0|0	0|1	0|0	1|0	0|0	0|0	0|0	0|0	0|0	0|0	0|0	0|0	0|0	0|1	0|0	0|0	0|0	0|0	0|0	0|0	0|0	0|0	0|0	0|0	0|0	0|0	0|0	0|0	0|0	0|0	0|0	0|0	0|0	0|0	0|0	0|0	0|0	0|0	0|0	0|0	0|0	0|0	0|0	0|0	0|0	0|0	1|0	0|0	0|0	0|0	0|0	0|0	0|1	0|0	0|0	0|0	0|0	0|0	0|0	0|0	0|0	0|0	0|0	0|0	0|0	0|0	0|0	0|0	0|0	0|0	0|0	0|0	1|0	0|0	1|0	0|0	0|0	0|0	0|0	0|0	0|0	1|0	0|0	0|0	0	0	7	8	0.467
TP2		0|0	0|0	0|0	1|0	0|1	0|0	0|0	0|0	2|0	0|1	0|1	0|0	0|0	0|0	0|0	0|0	0|0	0|0	0|0	0|0	0|0	0|0	0|0	0|0	0|0	0|0	0|0	0|0	0|0	0|0	0|0	1|1	0|0	0|0	0|0	0|0	0|0	0|0	0|0	0|0	0|0	0|0	0|0	0|0	0|0	0|0	0|0	0|0	0|0	0|0	0|0	0|0	0|0	0|0	0|0	0|0	0|0	0|0	0|0	0|0	0|0	0|0	0|0	0|0	0|0	1|0	0|0	0|0	0|0	0|0	1|0	0|0	0|0	0|0	0|0	0|0	0|0	0|0	0|0	0|0	0|0	0|0	0|0	0|0	0|0	0|0	0|0	0|0	0|0	0|0	0|1	0|0	0|0	0|0	0|0	0|0	0|0	0|0	0|0	0|0	0|0	0|0	0|0	0|0	0|0	0|0	0|0	0|0	0|0	0|0	0|0	0|0	0|0	0|0	0|0	0|0	0|0	0|0	0|0	0|0	0|1	0|0	0|0	0|0	0|0	0|0	0|0	0|0	0|0	0|0	0|0	0|0	0|0	0|0	0|0	0|0	0|0	0|0	0|0	1|1	0|0	0|0	0|0	0|0	0|0	0|0	1|2	0|0	0|0	0|0	0|0	0|0	3	4	8	9	0.471
TP3		0|0	0|0	0|0	1|0	0|0	0|0	0|0	0|0	0|0	0|0	0|0	0|0	2|0	4|0	0|0	0|0	0|0	1|0	0|0	0|0	0|0	0|0	0|0	0|0	0|0	0|0	1|0	1|0	0|0	0|0	0|1	0|0	0|0	0|0	2|1	0|0	1|0	0|0	0|0	0|0	1|0	0|0	0|0	0|0	0|0	0|0	0|0	0|0	0|0	0|0	0|0	0|0	0|0	0|0	0|0	0|0	0|0	0|0	0|0	0|0	0|0	0|0	0|0	0|0	0|0	0|0	0|0	0|0	2|0	0|1	1|0	0|0	0|0	1|0	0|0	0|0	0|0	0|0	0|0	1|0	0|0	0|1	0|0	2|0	0|0	0|0	0|0	0|0	0|0	0|0	1|0	0|0	0|0	1|0	0|0	0|0	1|0	0|0	0|0	0|0	0|0	0|0	1|0	0|0	0|0	0|0	0|0	0|0	0|0	0|0	0|0	0|0	0|0	0|0	0|0	0|0	0|0	0|0	1|0	1|0	0|0	0|0	0|0	0|0	0|1	0|0	0|0	0|0	0|0	0|0	0|0	0|0	3|0	0|0	0|0	0|0	0|0	0|0	0|0	0|0	0|0	0|0	0|0	0|0	0|0	0|0	0|0	0|0	0|0	1|0	0|0	0|0	2	1	31	5	0.861
TP4		0|1	0|0	0|0	0|0	0|0	0|0	0|0	0|0	1|0	1|1	0|2	0|0	0|0	0|0	0|0	0|0	0|0	0|0	0|0	0|0	0|0	0|0	0|0	0|0	0|0	0|0	0|0	0|0	0|0	0|0	0|0	0|0	0|0	0|0	0|0	0|0	0|0	0|0	0|0	0|0	0|0	0|0	0|0	0|0	1|0	0|0	0|0	0|0	0|0	0|0	0|0	0|0	0|0	0|0	0|0	0|0	0|0	0|0	0|0	0|0	0|0	0|0	0|0	0|0	0|0	0|0	0|0	0|0	0|0	1|0	1|1	0|0	0|0	0|0	0|0	0|0	0|0	0|0	0|0	0|0	0|0	0|0	0|0	0|0	0|0	0|0	0|0	0|0	0|0	0|0	0|0	0|0	0|0	0|0	0|0	0|1	0|0	0|0	0|0	0|0	1|0	0|0	0|0	0|0	0|0	1|0	0|0	0|0	0|0	0|0	0|0	0|0	0|0	0|0	0|0	0|0	0|0	0|1	0|0	0|0	1|1	0|0	0|0	0|0	0|0	0|0	0|0	0|0	0|0	0|0	0|0	0|0	0|0	0|0	0|0	0|0	0|0	0|0	0|0	0|0	0|0	0|1	0|0	0|0	0|0	0|0	1|0	0|0	0|0	0|0	0|0	0|0	3	3	9	9	0.500
TP5		0|0	0|0	0|0	0|2	0|0	0|0	0|0	0|1	0|1	0|0	0|0	0|0	0|0	0|0	0|0	0|0	0|0	0|0	0|1	0|0	0|0	0|1	0|0	0|1	0|0	0|0	0|0	0|0	0|0	2|0	0|0	1|0	0|0	0|0	0|0	0|0	0|0	0|1	0|0	0|0	0|0	0|0	0|1	0|0	0|0	0|0	0|0	0|0	0|0	0|0	0|0	0|0	0|0	0|0	0|0	0|0	0|0	0|0	0|0	0|0	0|1	0|0	0|0	0|0	0|0	0|0	0|0	0|0	0|0	0|0	0|0	0|0	0|0	0|1	0|0	0|0	0|0	1|0	0|0	0|0	0|0	0|0	0|2	0|0	0|0	0|0	0|0	0|0	0|0	0|0	0|1	0|0	0|0	0|0	0|0	0|3	0|0	0|0	0|0	0|1	0|0	0|0	0|0	0|0	0|0	0|0	0|0	0|0	0|0	0|0	0|0	0|0	0|0	1|0	0|0	0|0	0|0	0|0	0|0	0|1	0|0	0|0	0|0	0|0	0|0	0|0	0|0	0|0	0|0	0|0	0|0	0|0	0|0	0|1	0|1	0|0	0|0	0|1	0|1	0|0	0|0	0|0	0|0	0|0	0|0	0|0	0|0	0|0	0|0	0|0	0|0	0|0	0	0	5	23	0.179
TP6		0|0	0|0	0|0	0|0	0|0	0|1	0|0	0|0	0|0	0|0	0|0	0|0	0|0	0|0	0|0	0|0	0|2	0|0	0|0	0|0	0|0	0|0	0|0	0|0	0|0	0|0	0|0	0|0	0|0	0|0	0|0	0|0	0|0	0|0	0|0	0|0	0|0	0|0	0|0	0|0	0|0	0|0	0|0	0|0	0|0	2|0	0|0	1|0	0|0	1|0	0|0	0|0	0|0	0|0	0|0	0|0	0|0	0|0	0|0	0|0	0|0	0|0	0|0	0|0	0|0	0|0	0|0	0|0	0|0	0|0	0|0	0|0	0|0	0|0	0|1	0|0	1|0	0|0	3|0	0|0	0|0	0|0	0|0	0|0	0|0	0|0	0|1	1|0	0|0	0|0	0|0	0|0	0|0	0|0	0|0	4|0	0|0	0|0	0|1	0|0	0|1	0|0	0|0	0|0	0|0	0|0	0|0	0|0	1|0	1|0	1|0	0|0	0|0	0|0	0|0	0|0	0|0	0|1	0|0	0|0	0|0	0|0	0|0	0|0	0|0	0|0	0|0	0|0	0|0	0|0	0|0	0|0	0|0	0|0	0|0	0|0	0|0	0|0	0|0	0|0	0|0	0|0	0|0	0|0	0|0	0|0	0|0	0|0	0|0	0|0	0|0	0|0	0	0	16	8	0.667
TP7		0|0	0|0	0|0	0|0	0|0	0|0	0|0	0|0	0|0	1|0	0|0	0|0	0|0	0|0	0|0	0|0	0|0	0|0	0|0	0|0	0|0	0|0	1|0	0|0	0|0	0|0	0|0	0|0	0|0	1|0	0|0	0|0	0|0	0|0	1|1	0|0	0|0	0|0	0|0	0|0	0|0	0|0	0|0	0|0	0|0	2|0	0|0	0|0	0|0	0|0	1|0	0|0	0|0	0|0	0|0	0|0	0|0	0|0	0|0	0|0	0|0	0|0	0|0	0|0	0|0	0|0	0|0	0|0	0|0	1|0	0|0	0|0	0|0	0|0	0|0	2|0	0|0	0|1	0|0	0|1	0|0	0|0	0|0	0|0	0|0	0|1	0|2	1|0	0|0	0|0	0|0	0|0	0|0	1|0	0|0	0|0	1|0	0|0	0|0	0|0	0|0	0|0	0|0	0|0	0|0	0|0	0|0	0|0	0|0	0|0	0|0	0|0	0|0	0|0	1|0	1|0	0|0	0|0	0|0	0|0	0|0	0|0	0|0	0|0	0|0	0|0	0|0	0|0	0|0	0|0	0|0	0|0	0|0	0|0	0|0	0|0	0|0	0|0	0|0	0|0	2|0	0|0	0|0	0|0	1|0	0|0	0|0	0|0	1|0	0|0	0|0	3|0	1	1	22	6	0.786
TP8		0|0	0|0	0|0	0|0	0|0	0|0	0|0	0|0	0|0	0|0	0|0	0|0	0|0	0|0	0|0	0|0	0|2	0|0	0|0	0|0	0|0	0|0	0|0	0|0	0|0	0|0	0|0	0|0	0|0	0|0	0|0	0|0	0|0	2|0	0|0	0|0	0|0	0|0	0|0	0|0	0|0	0|1	0|0	0|0	0|0	1|0	0|0	0|0	0|0	1|0	1|0	0|0	0|0	0|0	0|0	0|0	0|0	0|0	0|0	0|0	0|1	0|0	0|0	0|0	0|0	0|0	0|0	0|0	0|0	1|0	0|1	0|0	0|1	0|0	0|0	0|0	0|0	1|0	0|0	0|0	0|0	0|0	0|0	0|0	0|0	0|0	0|0	1|0	1|0	0|0	0|0	1|0	0|0	0|0	0|0	0|0	0|0	0|0	0|0	0|0	0|0	0|0	0|0	0|0	0|0	0|0	0|0	0|0	0|0	0|0	0|0	0|0	0|0	0|0	0|0	0|0	0|0	0|1	0|0	0|0	0|0	0|0	0|0	0|0	0|0	0|0	0|0	0|0	0|0	0|0	0|0	0|0	0|0	0|0	0|0	0|0	0|0	0|0	0|0	0|0	0|0	0|0	0|0	0|0	0|0	0|2	0|0	0|2	0|0	0|0	0|0	0|0	0	0	10	11	0.476
TP9		0|0	0|0	0|0	0|5	0|0	0|0	0|0	0|0	0|0	0|0	1|0	0|0	0|0	1|0	0|0	0|0	0|0	0|0	0|0	0|0	0|0	0|0	0|0	0|0	0|0	0|0	1|0	0|0	0|0	0|0	0|0	0|0	0|0	0|0	0|0	0|0	0|0	0|0	0|0	0|0	0|0	0|0	0|0	0|0	0|0	0|0	0|0	0|0	0|0	0|0	0|0	0|0	0|0	0|0	0|0	0|0	0|0	0|0	0|0	0|0	0|0	0|0	0|0	0|0	0|0	0|0	0|0	0|0	0|0	0|0	0|0	0|0	0|0	0|0	0|0	0|0	0|0	0|0	0|0	0|0	0|0	1|0	0|0	0|0	0|0	0|0	0|0	0|0	0|0	0|0	0|0	0|0	0|0	0|0	0|0	0|0	0|0	0|2	0|0	0|1	0|0	0|0	0|0	0|0	0|0	0|0	0|0	0|0	0|0	0|0	0|0	0|0	0|0	0|0	0|0	0|0	0|0	0|0	0|0	0|0	0|0	0|1	0|0	0|0	0|0	0|2	0|0	0|0	0|0	0|0	0|1	0|0	1|0	0|0	0|0	0|0	0|0	0|0	0|0	0|0	0|0	0|0	0|0	0|0	0|0	0|0	0|0	0|0	0|0	2|0	0|0	0|0	0	0	7	12	0.368
TP10	0|0	0|0	0|0	0|0	0|0	0|0	0|0	0|0	1|0	1|0	0|0	0|0	0|0	0|0	0|0	0|0	0|0	0|0	0|0	0|0	0|0	0|0	0|0	0|0	0|0	0|0	0|0	0|0	0|0	0|0	0|0	0|0	0|0	0|0	0|0	0|0	0|0	0|0	1|0	0|0	0|0	0|0	0|0	0|0	0|0	0|0	0|0	0|0	0|0	0|0	0|0	0|0	0|0	0|0	0|0	0|0	0|0	0|0	0|0	0|0	1|0	0|0	0|0	0|0	0|0	0|0	0|0	0|0	0|0	3|0	0|0	0|0	0|0	0|0	1|0	0|0	0|0	0|0	0|0	0|0	0|0	0|0	0|0	0|0	0|0	2|1	0|0	0|0	0|0	0|0	0|0	2|1	2|3	1|0	0|0	0|0	0|1	0|0	0|0	0|0	0|0	0|0	1|0	0|0	0|0	0|0	0|0	0|0	0|0	0|0	0|1	0|0	0|0	0|0	0|0	0|0	0|0	1|0	0|0	0|0	0|0	0|0	0|0	0|0	0|0	0|0	0|0	0|0	0|0	0|0	0|0	0|0	0|0	0|0	0|0	0|0	0|0	0|0	0|0	0|0	0|0	0|0	0|0	0|0	0|0	0|0	0|0	0|0	0|0	0|0	0|0	0|0	6	5	17	7	0.708
TP11	0|0	0|1	0|0	0|0	0|0	0|3	0|0	0|0	0|0	0|0	0|0	0|0	3|0	0|0	0|0	0|0	0|0	0|0	0|0	0|0	0|0	0|0	0|3	0|0	0|1	0|0	0|0	2|0	0|0	0|0	0|0	0|0	0|0	0|0	0|0	0|0	0|0	0|0	0|0	0|0	2|0	0|0	0|0	0|3	0|0	0|0	3|0	0|0	3|0	0|0	0|0	0|0	0|0	0|0	0|0	0|0	0|0	0|0	0|0	0|0	0|1	0|0	0|0	0|0	0|0	0|0	0|0	0|0	0|0	1|0	0|0	0|0	0|0	0|0	0|0	0|0	1|0	3|0	1|0	0|0	0|0	0|0	0|0	0|0	0|0	0|0	0|0	0|0	0|0	0|0	0|0	0|0	0|0	0|5	0|0	0|0	0|0	0|0	0|0	0|0	0|0	0|0	0|0	0|0	0|0	0|0	0|2	0|0	0|0	0|0	0|0	0|0	0|0	0|0	0|0	0|0	0|0	0|0	0|0	0|0	0|0	0|0	0|0	0|0	0|1	0|0	0|1	0|0	0|0	0|0	0|6	0|0	0|1	0|1	0|2	0|0	0|1	0|1	0|0	0|1	0|0	0|0	0|5	0|0	0|3	0|0	0|6	0|2	0|2	0|11	0|3	0|0	0	0	19	66	0.224
TP12	0|0	0|0	0|0	0|0	0|0	0|0	0|0	0|0	0|0	0|0	0|0	0|0	0|0	0|0	1|0	0|0	0|0	0|0	0|0	0|0	0|0	0|0	0|0	0|0	0|0	0|0	0|0	0|0	0|0	0|0	0|0	0|0	0|0	0|0	0|0	0|0	0|0	0|0	0|0	0|0	0|0	0|0	0|0	0|0	0|0	0|0	0|2	0|0	0|0	0|0	0|0	0|0	0|0	0|0	0|0	0|0	0|0	0|0	0|0	0|0	0|0	0|0	0|0	0|0	0|0	0|0	0|0	0|0	0|0	1|0	0|0	0|0	0|0	0|0	0|0	0|0	0|0	1|0	1|0	2|0	0|0	0|0	0|0	0|0	0|0	0|0	0|0	0|0	0|0	0|0	0|0	0|0	0|0	0|0	0|0	0|0	0|0	0|0	0|0	0|0	0|0	0|0	0|0	0|0	0|0	0|0	0|0	0|0	0|0	0|0	0|0	1|0	0|0	0|0	0|0	0|0	0|0	0|0	0|0	0|0	0|0	0|0	0|0	0|0	0|0	0|0	0|0	0|0	0|0	0|0	0|1	0|0	0|1	0|0	0|0	0|0	0|0	0|0	0|0	0|0	0|1	0|0	0|0	0|0	0|0	0|0	0|0	0|0	0|0	0|0	0|0	0|0	0	0	7	5	0.583
TP13	0|0	0|1	0|0	0|0	0|0	3|0	0|0	0|0	1|0	0|0	0|0	0|0	1|0	1|0	0|0	1|0	1|0	0|0	0|0	0|0	0|0	0|0	0|0	0|0	0|0	0|0	0|0	0|0	1|0	0|0	0|1	0|0	0|0	0|0	0|0	0|0	0|0	0|0	0|0	0|0	0|0	2|0	0|1	0|1	1|0	0|0	1|0	0|0	0|0	0|0	0|0	0|0	0|0	0|0	0|0	0|0	0|0	0|0	0|0	0|0	0|0	0|0	0|0	0|0	0|0	0|0	0|0	0|0	0|1	0|0	0|0	0|0	0|0	0|0	0|0	0|0	0|0	0|0	0|0	0|0	0|0	0|0	0|0	0|0	0|0	0|0	0|0	0|0	0|0	0|1	0|1	0|0	0|0	0|0	0|0	1|1	0|0	0|0	0|0	0|0	0|0	0|0	0|0	0|0	0|0	0|0	0|0	0|0	0|0	0|0	0|1	0|0	0|0	0|0	0|0	0|0	0|0	0|0	0|0	0|0	0|0	0|0	1|0	0|0	0|0	0|0	0|0	0|0	0|0	0|0	0|1	0|0	0|0	0|0	0|0	0|0	0|1	0|0	0|0	0|1	0|0	0|0	0|0	0|1	0|1	0|0	0|0	0|0	0|0	0|0	0|0	0|0	1	1	15	14	0.517
TP14	0|0	0|0	0|0	0|0	0|0	0|0	0|0	0|0	0|2	0|0	0|0	0|0	0|0	0|0	0|0	0|10	0|0	0|0	0|0	0|5	0|2	0|0	0|0	0|0	0|0	0|0	0|0	0|0	0|0	0|0	0|0	0|0	0|0	0|0	0|0	0|0	0|0	0|0	0|0	0|0	0|0	0|0	0|17	0|0	0|0	0|0	0|0	0|0	0|0	0|0	0|0	0|0	0|0	0|0	0|0	0|0	0|0	0|0	0|0	0|0	0|0	0|0	0|0	0|0	0|0	0|0	0|0	0|0	0|0	0|0	0|0	0|0	0|0	0|0	0|0	1|0	0|0	0|0	0|0	0|0	0|0	0|0	0|0	0|1	0|0	0|6	0|0	0|0	0|0	0|0	0|0	3|0	1|0	0|0	0|2	0|0	0|3	2|0	0|8	0|6	0|0	0|0	0|0	0|0	0|0	0|0	0|5	0|0	0|0	0|0	0|0	0|0	0|0	3|0	0|0	0|0	0|2	0|0	0|0	0|0	0|5	0|0	0|3	0|0	0|0	0|0	0|0	0|0	0|0	0|0	0|0	0|0	0|0	0|0	0|0	0|0	0|0	0|0	0|0	0|0	0|1	0|6	0|0	0|0	0|0	0|0	0|0	0|0	0|0	0|0	0|0	0|0	0	0	10	84	0.106
TP15	0|0	0|0	0|0	1|0	0|0	0|0	0|0	0|0	0|0	0|0	0|0	0|0	0|0	0|0	1|0	1|0	0|0	0|0	0|0	0|0	0|0	0|0	0|0	0|0	0|0	0|0	0|1	1|0	0|0	1|0	1|0	0|0	0|0	0|0	0|0	0|0	0|0	1|0	0|0	0|0	0|0	1|0	1|2	0|0	0|0	0|0	1|0	0|0	0|0	1|0	0|2	0|0	0|0	0|0	0|0	0|0	0|0	0|0	0|0	0|0	0|0	0|0	0|0	0|1	0|0	0|0	0|0	0|0	0|0	0|3	0|0	0|0	0|1	0|0	1|1	2|0	3|0	0|0	0|0	2|0	0|0	0|0	1|0	0|1	0|0	1|0	0|3	0|0	0|0	0|0	0|0	0|0	0|0	0|0	0|0	0|0	0|0	0|0	0|1	0|0	0|1	0|0	0|0	0|0	0|0	0|0	0|0	0|0	1|0	0|0	0|0	0|0	0|0	0|0	0|0	0|0	0|0	0|0	0|0	0|0	0|0	0|0	0|0	0|0	0|0	0|0	0|0	0|0	0|0	0|0	0|0	0|0	0|0	1|0	0|0	0|0	0|0	0|0	0|0	0|0	1|0	0|0	1|0	0|0	0|0	0|0	0|0	0|0	0|0	0|0	0|0	0|0	2	3	25	17	0.595
TP16	0|0	0|0	0|0	0|0	0|0	0|0	0|0	0|0	0|0	0|0	0|0	0|0	0|0	0|0	0|0	0|1	0|0	0|0	0|0	0|0	0|0	0|5	0|0	0|0	0|3	0|0	0|0	0|0	0|0	0|0	0|0	0|0	0|0	0|0	0|0	0|0	0|0	0|0	0|0	0|0	0|0	0|0	0|0	0|0	0|0	0|0	0|0	0|0	0|0	0|0	0|0	0|0	0|0	0|0	0|0	0|0	0|0	0|0	0|0	0|0	0|0	0|0	0|0	0|0	0|0	0|0	0|0	0|0	0|0	0|0	0|0	1|0	0|0	1|0	0|0	0|0	0|0	0|0	0|0	0|0	0|0	0|0	0|0	0|0	0|0	2|0	0|0	0|0	0|0	0|0	0|0	0|0	0|0	0|0	0|0	0|0	0|0	0|0	0|0	0|0	0|0	0|0	0|0	0|0	0|0	0|0	0|0	0|0	0|0	0|2	0|1	0|0	0|0	0|0	0|0	0|0	0|0	0|0	0|0	0|0	0|0	0|0	0|0	0|0	0|0	0|0	0|0	0|0	0|0	0|0	0|0	3|0	1|0	1|0	0|0	0|1	0|0	0|0	0|0	0|0	0|0	0|0	0|0	0|0	0|0	0|0	0|0	0|0	0|0	0|0	0|0	0|0	0	0	9	13	0.409
TP17	0|0	0|0	0|0	0|0	0|0	0|0	0|0	0|0	0|0	0|0	0|0	0|0	0|0	0|0	0|1	0|0	1|0	0|0	0|0	0|0	0|0	0|0	0|0	0|0	0|0	0|0	0|0	0|0	0|0	0|0	0|0	0|0	0|0	0|0	0|0	0|0	0|1	0|0	0|0	0|0	0|0	0|0	0|0	0|0	0|0	0|1	0|0	0|0	0|0	0|0	1|0	0|0	0|0	0|0	0|0	0|0	0|0	0|0	0|0	0|0	0|0	0|0	0|0	0|0	0|0	0|0	0|0	0|0	0|0	0|0	0|0	0|0	0|0	0|0	0|1	0|0	1|0	0|0	0|0	0|0	0|0	0|0	0|0	0|0	0|0	0|0	0|0	0|0	0|1	0|0	1|5	0|0	0|0	0|2	0|1	0|0	0|0	0|0	0|0	0|0	0|0	0|0	0|0	0|0	0|0	0|0	0|0	0|0	0|0	0|0	0|0	0|0	0|0	1|0	0|0	0|0	0|0	0|0	0|0	0|0	0|0	0|0	0|0	0|0	0|0	0|0	0|0	0|0	0|0	0|0	0|0	0|0	0|0	0|1	0|0	0|0	0|0	0|0	0|0	0|0	0|0	0|0	0|0	0|0	0|0	0|0	0|0	0|0	0|0	0|0	0|0	0|0	1	5	5	14	0.263
TP18	0|0	0|0	1|0	0|0	0|0	0|0	0|2	0|0	0|1	0|0	0|1	0|0	0|0	0|0	0|0	0|0	0|0	0|0	0|0	0|0	1|0	0|0	0|2	0|0	0|0	0|1	0|3	0|0	0|0	0|0	0|0	0|1	0|5	0|0	0|1	0|0	0|0	0|3	0|5	0|2	0|0	0|0	0|0	0|0	0|11	0|0	0|0	0|3	0|2	0|0	0|0	0|0	0|0	0|0	0|0	0|0	0|0	0|0	0|0	0|0	0|0	0|0	0|0	0|2	0|0	0|0	0|0	0|1	0|0	0|0	0|0	0|0	0|0	0|0	0|1	0|0	0|0	1|0	0|0	0|0	0|0	2|0	0|0	1|0	1|0	0|0	0|0	2|2	3|5	0|1	0|0	1|0	0|0	0|5	0|0	0|0	0|2	0|0	0|0	0|0	0|0	0|0	0|1	0|0	0|1	1|0	0|0	0|0	0|0	0|0	0|0	0|0	0|0	0|0	0|0	1|0	0|0	0|4	0|0	0|0	0|1	0|0	0|0	0|0	0|0	0|0	0|0	0|0	0|0	0|0	0|0	0|0	1|0	0|0	0|0	0|0	0|0	0|0	0|0	0|0	0|0	0|1	0|0	0|3	3|1	0|0	0|0	0|0	0|0	0|0	0|0	0|0	8	8	19	74	0.204
TP19	0|0	0|0	0|0	1|0	0|0	0|0	0|0	0|0	0|0	0|0	0|0	0|0	1|0	0|0	0|0	1|0	0|0	0|0	0|0	0|0	0|0	0|0	1|0	1|0	0|0	0|0	0|0	0|0	0|0	0|0	0|0	0|0	1|0	0|0	0|0	0|0	0|0	0|1	0|0	0|0	0|0	0|0	0|0	0|0	0|0	0|0	0|0	0|0	0|0	0|0	0|0	0|0	0|0	0|0	0|0	0|0	0|0	0|0	0|0	0|0	0|0	0|0	0|0	0|0	0|0	0|0	0|0	0|0	0|0	0|0	0|0	0|0	0|0	0|0	0|0	0|0	0|0	0|0	0|1	0|0	0|0	0|0	0|0	0|0	0|0	0|0	1|0	0|0	0|0	0|0	0|0	0|0	0|0	1|1	0|0	0|0	0|0	0|0	0|0	0|0	0|0	0|0	0|0	0|0	0|1	0|1	0|0	0|0	0|0	0|0	0|0	0|0	0|0	0|0	0|1	0|1	0|0	1|0	0|0	0|0	0|0	0|0	0|0	0|0	0|0	0|0	0|0	0|0	0|0	0|0	0|0	0|0	0|0	0|0	0|0	0|0	0|0	0|0	0|0	0|0	0|0	0|0	0|0	0|0	0|0	0|0	0|0	0|0	0|0	0|0	0|0	0|0	1	1	9	7	0.563
TP20	0|0	0|0	0|0	0|0	0|0	0|0	0|0	0|0	0|0	0|0	0|0	0|0	0|0	0|0	0|0	0|0	0|0	0|0	0|0	0|0	0|0	0|0	0|0	0|0	0|0	0|0	0|0	0|0	0|0	0|0	0|0	0|0	0|0	0|0	0|0	0|0	0|0	0|0	0|0	0|0	0|0	0|0	0|0	0|0	0|0	0|0	0|0	0|0	0|0	0|0	0|0	0|0	0|0	0|0	0|0	0|0	0|0	0|0	0|0	0|0	0|0	0|0	0|0	0|8	0|0	2|0	0|0	0|0	3|0	0|0	0|0	0|0	0|0	0|0	0|0	0|0	0|0	0|0	0|0	0|0	0|0	0|0	0|0	0|0	0|0	0|0	0|0	0|0	0|0	0|0	0|0	0|0	0|0	0|0	0|0	0|0	0|0	0|0	0|0	0|0	0|0	0|0	0|0	0|0	0|0	0|0	0|0	0|0	0|0	0|0	0|0	0|0	0|0	0|0	0|0	0|0	0|0	0|0	0|0	0|0	0|0	0|0	0|0	0|0	0|0	0|0	0|0	0|1	0|1	0|0	0|0	0|0	0|0	0|0	0|10	3|0	2|0	0|0	0|0	0|0	4|9	5|6	4|0	5|5	0|2	0|3	0|1	0|4	0|0	1|4	0|0	0|1	15	24	29	55	0.345
TP22	0|0	0|0	0|0	0|0	0|0	0|0	0|0	0|0	0|0	0|0	0|0	0|0	0|0	0|0	0|0	0|0	0|0	0|0	0|0	0|0	0|0	0|1	0|0	0|1	0|0	0|0	0|0	0|0	0|0	0|0	0|0	0|0	0|0	0|1	0|0	0|0	0|0	0|0	0|0	0|0	0|0	0|0	0|0	0|0	0|0	0|0	1|0	0|0	0|0	0|0	0|0	1|0	0|0	0|0	0|0	0|0	0|0	0|0	0|0	0|0	0|0	0|0	0|0	0|0	0|0	0|0	0|0	0|0	1|0	0|0	0|0	0|0	0|0	0|0	0|0	0|0	0|0	0|0	0|0	0|0	0|0	0|0	0|0	0|0	0|0	0|0	0|0	0|0	0|0	0|0	1|0	0|0	0|0	0|0	0|1	0|0	0|0	0|0	0|2	0|0	0|0	0|1	0|0	0|0	0|0	0|0	0|1	0|0	0|0	0|0	0|0	0|0	0|0	0|0	0|0	0|0	0|0	0|0	0|0	0|0	0|0	0|0	0|0	0|0	0|0	0|0	0|0	0|0	0|0	0|0	0|0	1|0	1|0	0|0	0|0	0|0	0|0	0|0	0|0	0|0	0|0	0|0	0|0	0|0	0|0	0|0	0|0	0|0	0|0	0|0	0|0	0|0	0	0	6	8	0.429
TP23	0|0	0|0	0|0	0|0	0|0	0|0	0|0	0|0	0|0	0|0	0|0	0|0	1|0	0|0	0|0	0|1	0|0	0|0	0|0	0|0	0|2	0|0	0|0	0|0	1|0	0|2	0|1	0|0	0|0	0|0	0|0	0|0	0|0	0|0	3|0	0|0	0|0	0|0	0|0	0|1	0|0	0|0	1|0	0|1	3|0	0|0	0|0	0|0	0|0	0|0	0|0	0|0	0|0	0|0	0|0	0|0	0|0	0|0	0|0	0|0	0|0	0|0	0|0	0|0	0|0	0|0	0|0	0|0	0|0	0|1	0|0	0|0	0|0	0|0	0|0	0|0	1|0	0|0	0|0	0|0	0|0	0|0	0|0	0|0	0|0	0|0	0|0	0|0	0|0	0|0	0|0	0|0	0|0	0|0	0|0	0|1	0|1	0|0	0|0	0|0	0|0	0|0	0|0	0|0	0|0	0|0	0|0	0|0	0|0	0|0	1|0	0|0	1|0	0|0	0|0	0|0	0|0	1|2	1|0	0|0	0|0	0|0	0|0	0|0	0|0	0|0	0|0	1|0	0|0	1|0	0|0	0|0	0|0	0|0	0|0	1|0	0|0	0|0	0|0	0|0	0|0	0|0	0|0	0|0	0|0	0|0	0|2	0|0	0|0	0|0	0|0	0|0	1	2	17	15	0.531
TP24	0|0	0|0	0|0	0|0	0|0	0|2	0|1	0|0	0|0	1|0	0|0	0|1	0|0	0|0	1|0	0|0	0|0	0|0	0|0	0|0	0|0	0|0	0|1	0|0	0|0	0|0	0|2	0|0	0|0	0|0	0|0	0|0	0|0	0|2	0|3	0|0	1|0	0|0	0|0	0|0	0|1	0|0	0|0	0|0	0|0	2|0	0|0	0|0	0|0	0|0	0|2	0|0	0|0	0|0	0|0	0|0	0|0	0|0	0|0	0|0	0|0	0|0	0|0	0|0	0|0	0|0	0|0	0|1	0|0	0|0	0|0	0|0	0|0	0|1	0|0	1|1	0|0	0|0	0|0	0|0	0|0	0|0	0|0	0|0	0|0	0|0	0|0	0|0	0|0	0|0	0|0	0|0	0|0	0|0	0|0	0|1	0|0	1|0	1|0	0|0	0|1	0|0	0|0	0|0	0|0	0|0	0|0	0|1	0|1	0|0	0|3	0|0	0|0	0|0	0|0	2|1	0|0	0|0	0|0	0|0	0|0	0|0	0|0	0|0	0|0	0|0	0|0	0|0	0|0	0|0	0|0	0|0	0|0	0|0	0|1	0|0	0|0	0|0	0|1	0|0	0|0	0|2	0|0	0|0	0|0	0|0	0|0	0|0	0|0	0|0	0|0	0|0	3	2	10	30	0.250
TP25	0|0	0|0	0|0	0|0	0|0	0|1	0|0	0|0	0|0	0|0	0|0	0|0	0|0	0|2	0|0	0|0	0|0	0|0	0|0	0|0	0|0	0|3	0|0	0|0	0|0	0|1	0|0	0|0	0|0	3|0	0|0	0|0	0|2	1|2	0|0	0|0	0|0	0|0	0|0	0|0	0|0	0|0	0|0	0|1	0|0	0|0	0|0	0|0	0|0	0|0	0|0	0|0	0|0	0|0	0|0	0|0	0|0	0|0	0|0	0|0	0|0	0|0	0|0	0|1	0|0	0|0	0|0	0|0	0|0	0|1	0|0	0|0	0|0	0|0	0|0	0|1	0|0	0|0	0|0	0|1	1|0	0|0	0|0	0|0	0|1	0|3	0|1	0|0	0|0	0|0	0|0	0|0	0|0	0|0	0|0	0|0	0|0	0|0	0|1	0|0	0|0	0|0	0|0	0|0	0|0	0|0	0|0	0|0	0|0	0|2	0|0	0|0	0|1	0|0	0|0	0|0	0|0	0|0	0|0	0|0	0|1	0|0	0|0	0|0	0|1	0|0	0|0	0|0	0|0	0|0	0|0	0|0	0|0	0|0	0|2	0|0	0|5	0|0	0|1	0|1	0|0	0|0	0|2	0|0	0|2	0|1	0|1	0|0	0|2	0|1	0|2	0|0	1	2	5	47	0.96
TP26	0|0	0|0	0|0	0|0	0|0	0|0	0|0	0|0	0|0	0|0	0|0	0|0	0|0	0|0	0|0	0|0	0|0	0|0	0|0	0|0	0|0	0|0	0|0	0|0	0|0	0|0	0|0	0|0	0|0	2|0	0|0	0|0	0|1	0|0	0|0	0|0	0|1	0|0	0|0	0|0	0|0	0|0	0|0	0|0	0|0	2|0	0|0	0|0	0|0	0|0	0|0	0|0	0|0	0|0	0|0	0|0	0|0	0|0	0|0	0|0	0|0	0|0	0|0	0|0	0|0	0|0	0|0	0|0	0|0	0|0	0|0	0|0	0|0	0|0	0|0	0|0	0|0	0|0	0|0	0|0	0|0	0|1	0|1	0|1	0|0	0|0	0|0	0|0	0|0	0|0	0|0	0|0	0|0	0|0	0|0	1|0	0|0	0|0	0|0	0|0	0|1	0|0	0|0	0|0	0|0	0|0	0|0	0|0	0|0	0|0	0|0	0|0	0|0	0|0	0|0	0|0	0|0	0|0	0|0	0|0	0|0	0|0	0|0	0|0	0|0	0|0	0|0	0|0	0|0	0|0	0|0	0|0	0|0	0|0	0|0	0|0	0|0	0|0	0|0	0|0	0|0	0|0	0|0	0|0	0|0	0|0	0|0	0|0	0|0	0|0	0|0	0|0	0	0	5	6	0.455
TP27	0|0	0|0	0|0	0|0	0|0	0|0	0|0	0|0	0|0	0|0	0|0	0|0	0|0	0|0	0|0	0|0	0|0	0|0	0|0	0|0	0|0	0|0	0|0	0|0	0|0	0|0	0|0	0|0	0|0	0|0	0|0	0|0	0|0	0|0	0|0	0|0	0|0	0|0	0|0	0|0	0|0	0|0	0|0	0|0	0|0	0|0	0|0	0|0	0|0	0|0	0|0	0|0	0|0	0|0	0|0	0|0	0|0	0|0	0|0	0|0	0|0	0|0	0|0	0|0	0|0	0|0	0|0	0|0	0|0	0|0	0|0	0|0	0|0	0|0	0|5	0|0	0|0	0|0	0|0	0|0	0|0	0|0	0|0	0|1	3|0	0|0	0|0	0|0	0|0	0|0	0|0	0|0	0|0	0|0	0|0	0|0	0|0	0|0	0|0	0|0	0|0	3|0	0|0	0|0	0|0	0|0	0|0	0|0	0|0	0|0	0|0	0|0	0|0	0|0	0|0	0|0	0|0	0|0	0|0	0|0	0|0	0|0	0|0	0|0	1|0	0|0	0|0	0|0	0|0	0|0	0|0	0|0	0|0	0|0	0|0	0|0	0|0	0|0	0|0	0|0	0|0	0|0	0|0	0|0	0|0	0|0	0|0	0|0	0|0	0|0	0|0	0|0	0	0	7	6	0.538
TP28	1|0	10|0	0|0	0|0	8|0	4|0	2|0	0|0	2|0	1|0	1|0	0|0	2|0	3|0	0|0	0|0	8|0	0|0	0|0	0|3	1|0	2|0	0|0	4|0	0|0	4|0	9|0	2|0	0|0	2|0	10|0	7|0	4|0	5|0	6|0	4|0	9|0	6|0	1|0	0|3	14|0	0|0	12|0	1|0	3|0	1|0	7|0	1|0	3|0	7|0	11|0	0|0	0|0	0|0	0|0	0|0	0|0	0|0	0|0	0|0	6|0	0|0	0|0	3|0	0|0	3|0	0|0	5|0	1|0	0|0	3|0	0|0	1|0	1|0	0|0	8|0	0|0	0|0	0|0	0|0	0|0	1|7	5|1	7|0	2|0	7|0	12|0	2|0	7|0	8|0	7|0	2|0	5|0	2|0	11|0	8|0	1|0	0|0	3|0	0|0	11|0	2|0	3|0	0|0	1|2	1|4	5|0	0|0	0|0	4|0	2|0	0|0	1|0	4|0	9|0	1|0	0|0	8|0	10|0	2|0	5|0	2|0	0|0	4|0	2|6	1|2	0|0	2|0	0|0	1|0	6|0	1|0	1|0	0|0	1|0	1|3	9|4	0|0	0|0	4|0	14|0	8|0	0|0	6|0	7|0	14|0	12|0	8|0	0|0	2|0	0|0	1|0	21	29	475	35	0.931
TP29	1|0	2|0	0|0	0|0	1|0	0|0	1|0	0|0	0|0	0|0	0|0	0|0	0|0	1|0	0|0	0|0	1|0	0|0	0|0	0|0	0|0	0|0	0|0	2|0	0|0	0|0	1|0	0|0	0|0	0|0	1|0	0|0	0|0	0|0	0|0	3|0	2|0	0|0	0|0	0|0	0|0	0|0	0|0	0|0	2|0	0|0	1|0	0|0	0|0	0|0	0|0	0|0	0|0	0|0	0|0	0|0	0|0	0|0	0|0	0|0	0|0	0|0	0|0	1|0	0|0	0|0	0|0	0|0	0|0	0|0	0|0	0|0	0|0	0|0	0|0	2|0	0|0	0|0	0|0	0|0	0|0	0|1	1|0	1|0	0|0	2|0	1|0	0|0	0|0	0|0	0|0	0|0	2|0	0|0	1|0	2|0	0|0	0|0	1|0	0|0	0|0	0|0	1|0	0|0	0|1	0|0	3|0	0|0	0|0	0|0	0|0	0|0	0|0	1|0	2|0	1|0	1|0	0|0	2|0	0|0	1|0	2|0	0|0	0|0	2|0	0|1	0|0	0|0	0|0	0|0	0|0	0|0	0|0	0|0	1|0	1|3	2|0	0|0	0|0	0|0	1|0	1|0	0|0	3|0	0|0	1|0	0|0	0|0	0|0	0|0	0|0	2|0	1	3	61	6	0.910
TP30	0|0	0|0	0|0	0|0	0|0	0|0	0|0	0|0	0|0	5|0	1|0	0|0	0|0	0|0	0|0	0|0	0|0	0|1	0|2	0|0	0|0	0|0	0|0	0|0	0|0	0|3	0|5	0|0	0|0	0|0	0|0	0|0	0|1	0|1	0|0	0|0	0|0	1|0	1|0	0|0	0|0	0|1	0|0	0|0	0|0	0|0	0|6	0|0	0|0	0|2	0|0	0|0	0|0	0|0	0|0	0|0	0|0	0|0	0|0	0|0	0|0	0|0	0|0	0|0	0|0	0|0	0|0	0|0	0|0	0|0	0|0	0|2	0|2	0|3	0|0	0|0	0|3	0|2	0|0	0|0	0|0	0|8	0|1	0|0	0|1	0|0	0|0	0|0	0|0	0|10	0|1	0|0	0|0	0|5	0|0	0|0	0|0	0|0	0|2	0|0	0|0	0|0	0|0	0|0	0|0	0|2	0|0	0|0	0|0	0|0	0|1	0|0	0|0	0|0	0|0	0|0	0|0	0|6	0|0	0|0	0|4	0|1	0|0	0|0	1|0	0|0	0|0	0|0	0|0	0|0	0|0	2|0	0|0	4|0	2|0	0|0	0|0	0|0	0|0	0|0	0|0	0|0	1|0	0|0	2|0	0|0	0|0	0|0	1|0	1|0	1|0	0|0	0	0	23	76	0.232
TP31	0|0	0|2	0|0	0|1	0|0	0|0	0|2	0|0	0|0	0|0	0|0	0|0	0|0	0|0	0|0	0|2	0|1	0|0	0|0	0|0	0|0	0|0	0|1	0|1	0|1	0|0	0|2	0|1	0|1	0|0	0|0	0|1	0|0	0|0	0|0	0|0	0|1	0|2	0|0	0|1	0|2	0|0	0|0	1|0	0|0	0|0	0|1	0|1	0|0	0|1	0|2	0|2	0|0	0|0	0|0	0|0	0|0	0|0	0|0	0|0	0|0	0|0	0|0	0|1	0|0	0|1	0|0	0|0	0|2	0|0	0|0	0|3	0|0	0|3	0|2	0|0	0|2	0|1	0|1	0|0	0|0	0|1	0|2	0|0	0|0	0|0	0|2	0|0	0|1	1|0	0|0	1|0	1|0	0|0	1|2	0|2	0|0	0|2	0|1	0|1	1|0	0|0	0|0	0|0	2|0	2|0	0|1	0|0	0|0	0|0	0|0	0|0	0|0	0|1	0|1	0|0	0|0	0|4	0|1	0|1	0|0	0|2	0|0	0|0	0|0	0|0	0|0	0|0	0|1	0|1	0|2	0|0	0|0	0|0	0|4	0|0	0|2	0|0	0|0	0|1	0|0	0|0	0|0	0|0	0|1	0|0	0|0	0|0	0|0	0|0	0|0	0|0	1	2	10	82	0.109
